    1.000000   -1.997158     .023379     .999276
    1.010000   -1.996917     .024896     .999214
    1.020000   -1.996660     .026478     .999147
    1.030000   -1.996387     .028126     .999077
    1.040000   -1.996097     .029840     .999002
    1.050000   -1.995790     .031622     .998922
    1.060000   -1.995464     .033474     .998837
    1.070000   -1.995120     .035395     .998748
    1.080000   -1.994756     .037387     .998653
    1.090000   -1.994372     .039451     .998553
    1.100000   -1.993967     .041588     .998447
    1.110000   -1.993540     .043799     .998335
    1.120000   -1.993091     .046084     .998217
    1.130000   -1.992618     .048445     .998093
    1.140000   -1.992122     .050883     .997962
    1.150000   -1.991600     .053398     .997824
    1.160000   -1.991053     .055992     .997680
    1.170000   -1.990480     .058664     .997528
    1.180000   -1.989880     .061417     .997368
    1.190000   -1.989252     .064251     .997201
    1.200000   -1.988595     .067166     .997026
    1.210000   -1.987908     .070164     .996842
    1.220000   -1.987191     .073246     .996650
    1.230000   -1.986443     .076412     .996449
    1.240000   -1.985662     .079663     .996239
    1.250000   -1.984849     .083000     .996020
    1.260000   -1.984002     .086424     .995791
    1.270000   -1.983120     .089936     .995552
    1.280000   -1.982203     .093537     .995302
    1.290000   -1.981249     .097227     .995042
    1.300000   -1.980258     .101008     .994772
    1.310000   -1.979229     .104880     .994489
    1.320000   -1.978160     .108844     .994196
    1.330000   -1.977052     .112902     .993890
    1.340000   -1.975902     .117055     .993572
    1.350000   -1.974710     .121303     .993242
    1.360000   -1.973476     .125647     .992898
    1.370000   -1.972197     .130089     .992541
    1.380000   -1.970874     .134629     .992171
    1.390000   -1.969504     .139269     .991786
    1.400000   -1.968088     .144011     .991387
    1.410000   -1.966624     .148854     .990973
    1.420000   -1.965110     .153801     .990543
    1.430000   -1.963547     .158853     .990098
    1.440000   -1.961933     .164011     .989636
    1.450000   -1.960267     .169277     .989158
    1.460000   -1.958547     .174651     .988663
    1.470000   -1.956773     .180137     .988150
    1.480000   -1.954944     .185735     .987619
    1.490000   -1.953058     .191446     .987069
    1.500000   -1.951115     .197273     .986500
    1.510000   -1.949112     .203218     .985911
    1.520000   -1.947050     .209282     .985302
    1.530000   -1.944926     .215468     .984672
    1.540000   -1.942740     .221777     .984020
    1.550000   -1.940490     .228211     .983346
    1.560000   -1.938176     .234774     .982650
    1.570000   -1.935794     .241467     .981930
    1.580000   -1.933346     .248293     .981186
    1.590000   -1.930828     .255254     .980417
    1.600000   -1.928240     .262353     .979622
    1.610000   -1.925581     .269593     .978801
    1.620000   -1.922848     .276978     .977953
    1.630000   -1.920041     .284510     .977077
    1.640000   -1.917157     .292193     .976171
    1.650000   -1.914196     .300029     .975236
    1.660000   -1.911156     .308024     .974270
    1.670000   -1.908035     .316181     .973272
    1.680000   -1.904832     .324504     .972242
    1.690000   -1.901545     .332997     .971177
    1.700000   -1.898171     .341666     .970078
    1.710000   -1.894711     .350514     .968942
    1.720000   -1.891160     .359548     .967769
    1.730000   -1.887519     .368772     .966556
    1.740000   -1.883784     .378193     .965304
    1.750000   -1.879954     .387816     .964010
    1.760000   -1.876027     .397649     .962672
    1.770000   -1.872001     .407697     .961290
    1.780000   -1.867873     .417969     .959861
    1.790000   -1.863641     .428473     .958384
    1.800000   -1.859302     .439216     .956857
    1.810000   -1.854855     .450208     .955277
    1.820000   -1.850297     .461459     .953643
    1.830000   -1.845625     .472978     .951953
    1.840000   -1.840837     .484776     .950203
    1.850000   -1.835929     .496866     .948391
    1.860000   -1.830899     .509260     .946515
    1.870000   -1.825743     .521971     .944572
    1.880000   -1.820458     .535014     .942558
    1.890000   -1.815041     .548406     .940469
    1.900000   -1.809489     .562163     .938304
    1.910000   -1.803797     .576303     .936056
    1.920000   -1.797961     .590847     .933723
    1.930000   -1.791978     .605818     .931299
    1.940000   -1.785843     .621238     .928780
    1.950000   -1.779552     .637134     .926160
    1.960000   -1.773099     .653535     .923433
    1.970000   -1.766479     .670472     .920593
    1.980000   -1.759688     .687980     .917633
    1.990000   -1.752718     .706098     .914545
    2.000000   -1.745564     .724869     .911319
    2.010000   -1.738218     .744340     .907948
    2.020000   -1.730674     .764564     .904420
    2.030000   -1.722924     .785602     .900723
    2.040000   -1.714959     .807521     .896844
    2.050000   -1.706771     .830398     .892768
    2.060000   -1.698348     .854321     .888478
    2.070000   -1.689680     .879390     .883955
    2.080000   -1.680756     .905720     .879177
    2.090000   -1.671561     .933448     .874118
    2.100000   -1.662082     .962731     .868748
    2.110000   -1.652301     .993757     .863032
    2.120000   -1.642200    1.026750     .856930
    2.130000   -1.631758    1.061980     .850390
    2.140000   -1.620952    1.099779     .843354
    2.150000   -1.609753    1.140559     .835747
    2.160000   -1.598129    1.184838     .827477
    2.170000   -1.586042    1.233289     .818425
    2.180000   -1.573446    1.286796     .808438
    2.190000   -1.560285    1.346561     .797310
    2.200000   -1.546489    1.414273     .784755
    2.210000   -1.531965    1.492421     .770362
    2.220000   -1.516593    1.584880     .753498
    2.230000   -1.500199    1.698195     .733124
    2.240000   -1.482520    1.844781     .707320
    2.250000   -1.463103    2.053071     .671854
    2.260000   -1.440969    2.418031     .613371
    2.270000   -1.410864    3.616393     .000000
    2.280000   -1.383583    2.338140     .000000
    2.290000   -1.361991    2.015271     .000000
    2.300000   -1.342867    1.822364     .000000
    2.310000   -1.325364    1.684619     .000000
    2.320000   -1.309073    1.577592     .000000
    2.330000   -1.293748    1.490182     .000000
    2.340000   -1.279224    1.416400     .000000
    2.350000   -1.265386    1.352643     .000000
    2.360000   -1.252146    1.296572     .000000
    2.370000   -1.239435    1.246584     .000000
    2.380000   -1.227198    1.201530     .000000
    2.390000   -1.215390    1.160562     .000000
    2.400000   -1.203975    1.123031     .000000
    2.410000   -1.192920    1.088432     .000000
    2.420000   -1.182198    1.056366     .000000
    2.430000   -1.171785    1.026507     .000000
    2.440000   -1.161661     .998592     .000000
    2.450000   -1.151808     .972399     .000000
    2.460000   -1.142208     .947745     .000000
    2.470000   -1.132848     .924472     .000000
    2.480000   -1.123715     .902447     .000000
    2.490000   -1.114796     .881555     .000000
    2.500000   -1.106080     .861695     .000000
    2.510000   -1.097559     .842781     .000000
    2.520000   -1.089222     .824735     .000000
    2.530000   -1.081061     .807490     .000000
    2.540000   -1.073069     .790985     .000000
    2.550000   -1.065239     .775168     .000000
    2.560000   -1.057564     .759989     .000000
    2.570000   -1.050037     .745405     .000000
    2.580000   -1.042654     .731378     .000000
    2.590000   -1.035408     .717872     .000000
    2.600000   -1.028295     .704855     .000000
    2.610000   -1.021309     .692298     .000000
    2.620000   -1.014447     .680174     .000000
    2.630000   -1.007705     .668458     .000000
    2.640000   -1.001077     .657128     .000000
    2.650000    -.994561     .646163     .000000
    2.660000    -.988153     .635544     .000000
    2.670000    -.981849     .625254     .000000
    2.680000    -.975646     .615276     .000000
    2.690000    -.969542     .605594     .000000
    2.700000    -.963534     .596195     .000000
    2.710000    -.957618     .587065     .000000
    2.720000    -.951792     .578192     .000000
    2.730000    -.946053     .569564     .000000
    2.740000    -.940399     .561172     .000000
    2.750000    -.934829     .553004     .000000
    2.760000    -.929339     .545051     .000000
    2.770000    -.923927     .537304     .000000
    2.780000    -.918592     .529755     .000000
    2.790000    -.913331     .522396     .000000
    2.800000    -.908143     .515219     .000000
    2.810000    -.903026     .508217     .000000
    2.820000    -.897978     .501385     .000000
    2.830000    -.892998     .494715     .000000
    2.840000    -.888084     .488201     .000000
    2.850000    -.883234     .481838     .000000
    2.860000    -.878446     .475620     .000000
    2.870000    -.873721     .469543     .000000
    2.880000    -.869055     .463601     .000000
    2.890000    -.864448     .457790     .000000
    2.900000    -.859899     .452105     .000000
    2.910000    -.855406     .446543     .000000
    2.920000    -.850968     .441099     .000000
    2.930000    -.846583     .435769     .000000
    2.940000    -.842252     .430550     .000000
    2.950000    -.837972     .425438     .000000
    2.960000    -.833743     .420430     .000000
    2.970000    -.829563     .415524     .000000
    2.980000    -.825432     .410714     .000000
    2.990000    -.821349     .406000     .000000
    3.000000    -.817312     .401378     .000000
